Ivan,Hello
Anna, saya
Vasya, hi